version https://git-lfs.github.com/spec/v1
oid sha256:8cc0ca51e8ab23da216b68a403afbeb26d5b29ad3ea0b36f45f71bf687761062
size 739695
