version https://git-lfs.github.com/spec/v1
oid sha256:fa3000d806827f5e2c885b195813099f3f0c0d858d7fce6b65ecd512ece1f02a
size 25246
